364170 19153.0 0.82467 0.9702
364171 19145.0 0.13038 0.9702
364172 19143.0 0.044154 0.9702
364173 944.98 0.67483 0.9702
364174 946.37 0.24414 0.9702
364175 945.63 0.083353 0.9702
364176 339.75 0.59858 0.9702
364177 339.8 0.28805 0.9702
364178 339.7 0.11088 0.9702
364179 72.077 0.54829 0.9702
364180 72.105 0.31969 0.9702
364181 72.077 0.13865 0.9702
364182 15.05 1.0 0.9702
364183 1.2344 1.0 0.9702
364701 78050000000.0 0.024425
364702 2433000000.0 0.0098631
364703 26450000.0 0.011658
364704 254610.0 0.013366
364705 4552.9 0.014526
364706 257.54 0.0094734
364707 16.215 0.011099
364708 0.62506 0.010156
364709 0.019639 0.012057
364156 19151.0 0.82465 0.9702
364159 945.89 0.6743 0.9702
364165 72.084 0.54766 0.9702
364167 72.063 0.13137 0.9702
364158 19143.0 0.044209 0.9702
364168 15.008 1.0 0.9702
364157 19145.0 0.13031 0.9702
364169 1.2349 1.0 0.9702
364164 339.68 0.10844 0.9702
364160 946.12 0.24357 0.9702
364161 944.8 0.084525 0.9702
364162 339.73 0.60009 0.9702
364163 339.8 0.29256 0.9702
364166 72.103 0.32016 0.9702
363600 16719.0 0.83756 1.12
363601 16718.0 0.13895 1.12
363602 16718.0 0.024676 1.12
363603 755.32 0.71221 1.12
363604 755.77 0.24182 1.12
363605 755.65 0.050389 1.12
363606 318.89 0.66605 1.12
363607 319.96 0.26802 1.12
363608 319.48 0.069443 1.12
363609 73.558 0.61954 1.12
363610 73.524 0.28666 1.12
363611 73.56 0.097339 1.12
363612 11.517 0.58699 1.12
363613 11.518 0.29909 1.12
363614 11.513 0.11657 1.12
363615 4.0173 0.56735 1.12
363616 4.0201 0.3053 1.12
363617 4.0189 0.12998 1.12
363618 1.3238 0.54776 1.12
363619 1.3249 0.31034 1.12
363620 1.326 0.1445 1.12
361100 11306.0 1.0 1.01723999646
361103 8283.1 1.0 1.03577349174
361101 11306.0 1.0 1.01723999646
361104 8283.1 1.0 1.03576098662
410470 729.77 0.5438 1.13975636159
364104 108.98 0.19027 0.9751
364109 8.5251 0.56023 0.9751
364106 39.87 0.61125 0.9751
364103 109.14 0.68992 0.9751
364112 1.787 1.0 0.9751
364108 39.888 0.1557 0.9751
364102 1981.7 0.065069 0.9751
364100 1982.5 0.82142 0.9751
364105 109.03 0.11735 0.9751
364111 8.5296 0.17458 0.9751
364107 39.857 0.23359 0.9751
364113 0.14761 1.0 0.9751
364110 8.5259 0.26577 0.9751
364101 1982.2 0.11319 0.9751
364128 1982.0 0.82142 0.9751
364129 1981.9 0.11343 0.9751
364130 1982.1 0.065432 0.9751
364131 110.66 0.69203 0.9751
364132 110.46 0.18905 0.9751
364133 110.67 0.11851 0.9751
364134 40.756 0.61697 0.9751
364135 40.716 0.2328 0.9751
364136 40.746 0.15026 0.9751
364137 8.6726 0.56407 0.9751
364138 8.6757 0.26622 0.9751
364139 8.6755 0.17537 0.9751
364140 1.8078 1.0 0.9751
364141 0.14826 1.0 0.9751
364114 1981.6 0.82118 0.9751
364115 1981.7 0.11347 0.9751
364116 1982.0 0.065194 0.9751
364117 110.64 0.69275 0.9751
364118 110.5 0.18933 0.9751
364119 110.46 0.11547 0.9751
364120 40.645 0.61591 0.9751
364121 40.671 0.23209 0.9751
364122 40.675 0.15238 0.9751
364123 8.6703 0.56349 0.9751
364124 8.6668 0.26531 0.9751
364125 8.6799 0.17578 0.9751
364126 1.8092 1.0 0.9751
364127 0.14875 1.0 0.9751
364184 19155.0 0.82462 0.9702
364185 19154.0 0.12951 0.9702
364186 19152.0 0.045128 0.9702
364187 945.58 0.6756 0.9702
364188 946.49 0.24245 0.9702
364189 945.87 0.083903 0.9702
364190 339.69 0.59884 0.9702
364191 339.84 0.29032 0.9702
364192 339.68 0.10575 0.9702
364193 72.078 0.56172 0.9702
364194 71.99 0.31863 0.9702
364195 71.944 0.13597 0.9702
364196 15.052 1.0 0.9702
364197 1.2342 1.0 0.9702
410648 3.997 1.0 0.9451
410649 3.9939 1.0 0.9458
410646 37.935 1.0 0.945
410647 37.905 1.0 0.9457
410658 36.996 1.0 1.1935
410659 22.173 1.0 1.1849
410644 2.0267 1.0 1.017
410645 1.2674 1.0 1.0167
345705 0.0099577 1.0
345706 0.010163 1.0
345723 0.0071055 1.0
364250 1.2523 1.0
364253 4.579 1.0
364254 12.501 1.0
364255 3.2344 1.0
363356 15.564 0.14158
363358 3.4328 1.0
363359 24.708 1.0
363360 24.724 1.0
363489 11.42 1.0
361021 78420000000.0 0.00067152
361022 2433200000.0 0.00033434
361023 26454000.0 0.00032012
361024 254630.0 0.00053137
361025 4553.5 0.00092395
361026 257.53 0.0009427
361027 16.215 0.0003928
